-- only CI data for 100 commits, while less than 250: re-download for better data

-- closed PRs, not downloaded yet
7417
8015
7978
8040
7995
7983
7821
7647
7674
8024
7968
8032
7947
7921
7809
7730
7920
7653
7976
7957
7941
7912
7964
8011
8008
7961
8017
7982
8014
7967
7944
7698
8001
7922
7998
7731
7989
7984
7981
7972
7929
7975
7971
7986
7985
7966
7954
7955
7980
7974
7734
7979
7817
7816
7969
7896
7945
7952
7721
7931
7679
7549
7956
7958
7960
7935
7433
7959
7900
7733
7953
7946
7878
7936
7950
7948
7928
7820
7925
7899
7745
7548
7897
7939
6570
7938
6833
7913
7914
7923
7927
7852
7677
7844
7279
7916
7787
7908
7207
7887
7895
7902
7888
7889
7527
6605
7404
7864
6907
7881
6875
7884
7880
7854
7798
7793
7642
7794
7871
7870
7862
7829
7859
7848
7841
7748
7661
7423
7309
6029
7856
7773
7383
7684
7837
7231
7836
7485
7352
7792
7811
7832
7818
7439
7797
7746
7819
7827
7824
7374
7813
7641
4593
7771
7655
7654
7806
7805
7111
7040
7800
7799
7807
7803
7775
7722
7656
7626
7425
7280
6919
6810
7336
7796
7789
7785
7514
7770
7765
7782
7776
7772
7757
7784
7780
