6692
7479
8047
9135
10186
10235
10668
11521
13248
13275
13603
13609
13686
13786
13964
14265
14866
14898
14967
14983
15014
15053
15127
15135
15344
15418
15419
15426
15443
15449
15451
15452
15466
15546
15571
15644
15686
15705
15744
15773
15779
15793
15878
15894
15897
15904
15906
15936
15991
15996
15999
16015
16020
16047
16067
16120
16159
16183
16216
16250
16272
16303
16305
16334
16361
16398
16421
16472
16483
16488
16539
16542
16543
16545
16557
16584
16586
16595
16597
16656
16675
16688
16705
16707
16710
16743
16755
16758
16767
16768
16769
16792
16801
16802
16809
16835
16866
16895
16926
16936
16943
16954
16966
16967
16978
16983
16991
16998
17005
17015
17016
17025
17037
17043
17045
17046
17073
17081
17122
17123
17129
17138
17147
17169
17189
17191
17231
17244
17254
17259
17276
17300
17308
17319
17325
17326
17338
17355
17368
17388
17399
17403
17406
17411
17415
17435
17440
17483
17499
17517
17531
17535
17548
17549
17553
17555
17560
17561
17578
17594
17598
17602
17609
17621
17623
17626
17628
17631
17634
17649
17653
17663
17669
17678
17679
17687
17693
17697
17699
17701
17706
17714
17746
17747
17752
17755
17758
17761
17762
17768
17786
17787
17789
17799
17810
17814
17815
17820
17831
17835
17838
17842
17845
17853
17854
17855
17857
17859
17860
17862
17863
17868
16489
16499
16509
16514
16520
16531
16549
16558
16562
16564
16568
16579
16585
16593
16599
16602
16604
16607
16615
16632
16638
16639
16642
16646
16651
16660
16661
16662
16663
6475
9819
9482
9504
9651
8585
8638
9252
9234
8495
8311
8224
7890
7512
3042
4786
5364
6307
6533
3575
4785
4109
4775
5604
4771
9406
10641
11106
10428
7026
3978
8195
8100
7447
9353
8691
9675
5901
6718
4197